Webots Project File version R2023b
<<<<<<< HEAD
perspectives: 000000ff00000000fd00000002000000010000018100000181fc0200000001fb0000001400540065007800740045006400690074006f00720100000016000001810000008700ffffff00000003000002820000003afc0100000001fb0000001a0043006f006e0073006f006c00650041006c006c0041006c006c0100000000000002820000006900ffffff000000ff0000018100000001000000020000000100000008fc00000000
simulationViewPerspectives: 000000ff0000000100000002000000fc000002f20100000002010000000100
sceneTreePerspectives: 000000ff000000010000000300000022000000c0000000fa0100000002010000000200
maximizedDockId: -1
centralWidgetVisible: 1
orthographicViewHeight: 1
textFiles: 0 "controllers/randomizeObject/randomizeObject.py" "controllers/inputKeep/inputKeep.py" "controllers/AyanManualDrive/AyanManualDrive.py"
consoles: Console:All:All
renderingDevicePerspectives: vehicle:camera;1;1;0;0
=======
perspectives: 000000ff00000000fd0000000200000001000002b50000035dfc0200000001fb0000001400540065007800740045006400690074006f007201000000000000035d0000008b00ffffff0000000300000690000000a0fc0100000001fb0000001a0043006f006e0073006f006c00650041006c006c0041006c006c0100000000000006900000008700ffffff000003d90000035d00000001000000020000000100000008fc00000000
simulationViewPerspectives: 000000ff0000000100000002000001850000013b0100000002010000000100
sceneTreePerspectives: 000000ff00000001000000030000001e000000c0000000fa0100000002010000000200
maximizedDockId: -1
centralWidgetVisible: 1
orthographicViewHeight: 1
textFiles: 2 "controllers/AyanManualDrive/AyanManualDrive.py" "controllers/AyanManualDrive/model.py" "worlds/firstWorld.wbt"
consoles: Console:All:All
renderingDevicePerspectives: vehicle:camera;1;4.125;0.003367;0.00499376
>>>>>>> 89e5f798357f826104c4787bb3b0a954975142d7
