Webots Project File version R2023b
perspectives: 000000ff00000000fd0000000200000001000002b50000035dfc0200000001fb0000001400540065007800740045006400690074006f007201000000000000035d0000008b00ffffff0000000300000690000000a0fc0100000001fb0000001a0043006f006e0073006f006c00650041006c006c0041006c006c0100000000000006900000008700ffffff000003d90000035d00000001000000020000000100000008fc00000000
simulationViewPerspectives: 000000ff0000000100000002000001850000013b0100000002010000000100
sceneTreePerspectives: 000000ff00000001000000030000001e000000c0000000fa0100000002010000000200
maximizedDockId: -1
centralWidgetVisible: 1
orthographicViewHeight: 1
textFiles: 3 "controllers/AyanManualDrive/AyanManualDrive.py" "controllers/randomizeObject/randomizeObject.py" "controllers/AyanManualDrive/model.py" "worlds/firstWorld.wbt"
consoles: Console:All:All
renderingDevicePerspectives: vehicle:camera;1;3.85938;0;0.0347044
